57330.201,29968.1009,292.5981
57330.2453,29967.3597,292.6788
57330.2464,29966.1796,292.5817
57330.2581,29969.1733,292.6078
57330.2978,29965.1647,292.5732
57330.303,29968.4329,292.6017
57330.3484,29966.5116,292.5853
57330.3601,29969.5053,292.6115
57330.3992,29965.4959,292.6637
57330.405,29968.7649,292.6054
57330.4303,29967.6662,292.6828
57330.4763,29965.7456,292.5796
57330.5075,29967.9159,292.5987
57330.5328,29966.8173,292.6762
57330.5783,29966.0776,292.5832
57330.5901,29969.0713,292.6094
57330.6298,29965.0626,292.5748
57330.635,29968.3309,292.6033
57330.6603,29967.2322,292.6807
57330.6927,29969.404,292.5262
57330.7063,29965.3116,292.5775
57330.737,29968.6628,292.6069
57330.7623,29967.5642,292.6844
57330.7633,29966.384,292.5873
57330.8083,29965.6436,292.5812
57330.8394,29967.8139,292.6003
57330.8647,29966.7152,292.6777
57330.9103,29965.9755,292.5848
57330.9227,29968.97,292.5241
57330.9362,29964.8776,292.5754
57330.9667,29967.0472,292.6814
57331.0123,29966.3075,292.5884
57331.0245,29968.1203,292.6043
57331.0247,29969.302,292.5278
57331.0382,29965.2096,292.5791
57331.0943,29967.4621,292.6859
57331.1267,29969.6339,292.5314
57331.1402,29965.5415,292.5827
57331.152,29968.5353,292.6088
57331.1714,29967.7118,292.6018
57331.1967,29966.6132,292.6793
57331.2423,29965.8735,292.5863
57331.2546,29968.868,292.5257
57331.2682,29964.7756,292.577
57331.2734,29968.0438,292.6055
57331.2987,29966.9451,292.6829
57331.3311,29969.117,292.5284
57331.3443,29966.2054,292.59
57331.3702,29965.1075,292.5806
57331.4007,29967.2771,292.6866
57331.4016,29968.4595,292.5232
57331.4332,29969.4489,292.532
57331.4461,29965.3558,292.6702
57331.5034,29967.6098,292.6034
57331.5287,29966.5111,292.6808
57331.5742,29965.7715,292.5879
57331.5866,29968.766,292.5272
57331.6054,29967.9418,292.607
57331.6307,29966.8431,292.6845
57331.6631,29969.0149,292.5299
57331.676,29964.9218,292.6681
57331.6763,29966.1034,292.5915
57331.7081,29968.2745,292.5238
57331.7333,29967.1758,292.6013
57331.7651,29969.3469,292.5336
57331.778,29965.2537,292.6717
57331.8101,29968.6064,292.5275
57331.8353,29967.5078,292.6049
57331.8613,29966.4099,292.5956
57331.8671,29969.6788,292.5372
57331.8801,29965.5857,292.6754
57331.9378,29966.6588,292.5983
57331.9951,29968.9129,292.5315
57332.008,29964.8197,292.6696
57332.0082,29966.0014,292.5931
57332.0204,29967.8142,292.6089
57332.0394,29968.1717,292.6122
57332.0653,29967.0738,292.6028
57332.0971,29969.2448,292.5351
57332.11,29965.1517,292.6733
57332.142,29968.5044,292.529
57332.1673,29967.4057,292.6065
57332.1932,29966.3078,292.5971
57332.1991,29969.5768,292.5388
57332.212,29965.4836,292.6769
57332.2693,29967.7377,292.6101
57332.2697,29966.5568,292.5998
57332.3147,29965.8163,292.5937
57332.327,29968.8108,292.533
57332.34,29964.7177,292.6712
57332.3718,29966.8887,292.6035
57332.4288,29967.9611,292.6132
57332.4291,29969.1428,292.5367
57332.442,29965.0496,292.6748
57332.4422,29966.2313,292.5983
57332.4738,29967.2207,292.6071
57332.5311,29969.4748,292.5403
57332.544,29965.3816,292.6785
57332.5564,29968.3761,292.6178
57332.6013,29967.6357,292.6117
57332.6017,29966.4548,292.6014
57332.6466,29965.7143,292.5953
57332.6584,29968.7081,292.6214
57332.7033,29967.9676,292.6153
57332.7037,29966.7867,292.605
57332.7604,29969.04,292.625
57332.7739,29964.9476,292.6764
57332.8572,29966.1037,292.6002
57332.8628,29968.1911,292.6184
57332.863,29969.3727,292.5419
57332.876,29965.2796,292.68
57332.8887,29967.0932,292.609
57332.9337,29966.3527,292.6029
57332.9648,29968.523,292.622
57332.978,29965.6115,292.6836
57332.9908,29967.4251,292.6127
57333.0098,29967.7826,292.6159
57333.0357,29966.6847,292.6066
57333.0481,29969.6792,292.5459
57333.0806,29965.9442,292.6005
57333.0924,29968.938,292.6266
57333.1065,29964.8463,292.5911
57333.1118,29968.1145,292.6196
57333.1383,29967.0174,292.5234
57333.1883,29968.3635,292.6223
57333.195,29969.2707,292.5434
57333.2079,29965.1775,292.6816
57333.2404,29967.3493,292.527
57333.2656,29966.2507,292.6045
57333.3417,29967.6805,292.6175
57333.3545,29969.4941,292.5465
57333.3674,29965.401,292.6847
57333.3677,29966.5826,292.6081
57333.3865,29965.7584,292.6879
57333.425,29968.8367,292.5413
57333.4385,29964.7443,292.5926
57333.4703,29966.9153,292.5249
57333.5268,29967.987,292.6215
57333.527,29969.1686,292.545
57333.5405,29965.0762,292.5963
57333.5723,29967.2473,292.5286
57333.5976,29966.1486,292.606
57333.617,29965.3252,292.599
57333.6294,29968.3197,292.5383
57333.6737,29967.5785,292.619
57333.6865,29969.3921,292.5481
57333.6996,29966.4806,292.6097
57333.7569,29968.7347,292.5429
57333.8021,29965.6317,292.603
57333.8587,29967.885,292.6231
57333.859,29969.0666,292.5465
57333.8725,29964.9742,292.5978
57333.8846,29966.787,292.6137
57333.9043,29967.1453,292.5301
57333.9296,29966.0466,292.6076
57333.9355,29969.3156,292.5492
57333.949,29965.2232,292.6006
57334.0316,29966.3786,292.6112
57334.0444,29968.1922,292.5403
57334.051,29965.5551,292.6042
57334.0887,29967.451,292.621
57334.1081,29966.6275,292.6139
57334.1205,29969.622,292.5533
57334.1464,29968.5241,292.5439
57334.1654,29968.8816,292.5472
57334.179,29964.7892,292.5985
57334.1913,29967.7837,292.5378
57334.2101,29966.9595,292.6176
57334.236,29965.8616,292.6082
57334.2674,29969.2135,292.5508
57334.281,29965.1211,292.6021
57334.2933,29968.1156,292.5414
57334.3381,29966.1935,292.6119
57334.383,29965.4531,292.6057
57334.3954,29968.4476,292.5451
57334.4206,29967.3489,292.6225
57334.4401,29966.5255,292.6155
57334.4524,29969.52,292.5548
57334.4974,29968.7795,292.5487
57334.5233,29967.6816,292.5393
57334.5421,29966.8574,292.6191
57334.568,29965.7595,292.6098
57334.5994,29969.1115,292.5523
57334.613,29965.0191,292.6037
57334.6253,29968.0136,292.543
57334.67,29966.0915,292.6134
57334.6703,29967.2731,292.5369
57334.7273,29968.3455,292.5466
57334.772,29966.4235,292.617
57334.7844,29969.4179,292.5564
57334.798,29965.3255,292.6077
57334.83,29968.6783,292.4634
57334.8553,29967.5796,292.5409
57334.8747,29966.7562,292.5339
57334.9,29965.6575,292.6113
57334.9065,29968.9272,292.4662
57334.9318,29967.8286,292.5436
57335.002,29965.9895,292.615
57335.0022,29967.1711,292.5384
57335.0279,29964.8915,292.6056
57335.0599,29968.2443,292.4613
57335.104,29966.3214,292.6186
57335.1164,29969.3159,292.5579
57335.1299,29965.2235,292.6092
57335.1364,29968.4932,292.4641
