57335.1884,29960.3907,292.6544
57335.22,29961.3801,292.6633
57335.2202,29962.5617,292.5867
57335.2649,29960.6396,292.6572
57335.3028,29963.7171,292.5974
57335.3222,29962.8937,292.5904
57335.3482,29961.7958,292.581
57335.3546,29961.5213,292.5787
57335.3931,29961.0553,292.5749
57335.3941,29959.8752,292.4778
57335.4055,29964.0498,292.5142
57335.4502,29962.1277,292.5846
57335.5072,29963.2001,292.5944
57335.5075,29964.3818,292.5178
57335.521,29960.2894,292.5692
57335.5522,29962.4597,292.5883
57335.5781,29961.3618,292.5789
57335.5975,29960.5383,292.5719
57335.6036,29961.4448,292.5798
57335.6093,29963.5321,292.598
57335.6542,29962.7916,292.5919
57335.6801,29961.6937,292.5826
57335.7119,29963.8648,292.5149
57335.7261,29959.7731,292.4794
57335.7825,29960.8448,292.5759
57335.7828,29962.0264,292.4994
57335.8392,29963.0981,292.5959
57335.8394,29964.2797,292.5194
57335.853,29960.1873,292.5707
57335.8846,29961.1767,292.5796
57335.8848,29962.3584,292.503
57335.9153,29964.528,292.6089
57335.9295,29960.4363,292.5734
57335.9356,29961.3427,292.5814
57335.9419,29963.4308,292.5128
57335.9868,29962.6904,292.5066
57336.0127,29961.5924,292.4973
57336.0439,29963.7628,292.5164
57336.0888,29963.0223,292.5103
57336.1147,29961.9244,292.5009
57336.1152,29960.7435,292.4907
57336.1459,29964.0947,292.52
57336.1601,29960.0031,292.4845
57336.2168,29962.2564,292.5046
57336.2172,29961.0755,292.4943
57336.2479,29964.4267,292.5237
57336.2682,29961.2414,292.4961
57336.2738,29963.3288,292.5143
57336.3188,29962.5883,292.5082
57336.3447,29961.4904,292.4988
57336.3451,29960.3095,292.4886
57336.3759,29963.6607,292.5179
57336.3953,29962.8373,292.5109
57336.4212,29961.7394,292.5016
57336.4471,29960.6415,292.4922
57336.4779,29963.9927,292.5216
57336.4921,29959.901,292.4861
57336.5178,29961.1657,292.4104
57336.5232,29962.0713,292.5052
57336.5491,29960.9734,292.4958
57336.5799,29964.3246,292.5252
57336.5941,29960.233,292.4897
57336.6064,29963.2275,292.429
57336.6507,29962.4863,292.5097
57336.6773,29961.3891,292.4136
57336.6819,29964.6566,292.5289
57336.6961,29960.5649,292.4934
57336.7078,29963.5587,292.5195
57336.7538,29961.6381,292.4163
57336.8098,29963.8906,292.5231
57336.8102,29962.7097,292.5129
57336.8247,29959.7997,292.4008
57336.8552,29961.9693,292.5067
57336.8817,29960.8721,292.4106
57336.9072,29960.9551,292.4115
57336.9119,29964.2226,292.5268
57336.926,29960.1309,292.4913
57336.9384,29963.1254,292.4306
57336.9572,29962.3013,292.5104
57336.9838,29961.2041,292.4142
57337.0143,29963.3737,292.5201
57337.0281,29960.4629,292.4949
57337.0851,29961.5353,292.5047
57337.0969,29964.529,292.5308
57337.1418,29963.7886,292.5247
57337.1677,29962.6907,292.5153
57337.1882,29960.6871,292.4112
57337.2331,29959.9467,292.4051
57337.2392,29960.8531,292.413
57337.2438,29964.1206,292.5283
57337.2697,29963.0227,292.519
57337.2701,29961.8418,292.5087
57337.3157,29961.1021,292.4158
57337.3458,29964.4525,292.532
57337.3463,29963.2716,292.5217
57337.36,29960.3609,292.4965
57337.3722,29962.1737,292.5123
57337.4171,29961.4333,292.5062
57337.4483,29963.6036,292.5253
57337.4742,29962.5057,292.516
57337.5191,29961.7652,292.5098
57337.5202,29960.5851,292.4128
57337.5651,29959.8446,292.4066
57337.5712,29960.7511,292.4146
57337.5758,29964.0185,292.5299
57337.5762,29962.8376,292.5196
57337.6471,29960.9993,292.5041
57337.6671,29960.1766,292.4103
57337.6782,29963.1696,292.5232
57337.7041,29962.0717,292.5139
57337.7491,29961.3312,292.5078
57337.7608,29964.325,292.5339
57337.7802,29963.5015,292.5269
57337.8062,29962.4036,292.5175
57337.8195,29960.6738,292.5026
57337.838,29964.5747,292.4498
57337.8511,29961.6632,292.5114
57337.8515,29960.4823,292.5011
57337.8971,29959.7426,292.4082
57337.9088,29962.7363,292.4343
57337.9531,29961.9951,292.515
57337.9652,29963.808,292.5309
57337.979,29960.8972,292.5057
57337.9991,29960.0746,292.4118
57338.0108,29963.0683,292.438
57338.0558,29962.3279,292.4319
57338.0679,29964.1407,292.4477
57338.0804,29961.2284,292.5961
57338.1005,29960.4058,292.5023
57338.1128,29963.4003,292.4416
57338.126,29960.4887,292.5032
57338.1569,29961.4774,292.5989
57338.1578,29962.6598,292.4355
57338.1699,29964.4727,292.4514
57338.2149,29963.7322,292.4452
57338.2596,29961.8101,292.5157
57338.311,29960.7952,292.5072
57338.3311,29959.9725,292.4134
57338.3428,29962.9663,292.4395
57338.3869,29961.0434,292.5968
57338.3877,29962.2258,292.4334
57338.3999,29964.0387,292.4493
57338.4076,29960.2215,292.4161
57338.4448,29963.2982,292.4432
57338.4889,29961.3754,292.6004
57338.5019,29964.3706,292.4529
57338.5468,29963.6302,292.4468
57338.5664,29960.4442,292.506
57338.5727,29962.5323,292.4374
57338.5915,29961.7081,292.5172
57338.6175,29960.6102,292.5079
57338.6488,29963.9621,292.4504
57338.663,29959.8705,292.4149
57338.6748,29962.8642,292.4411
57338.6936,29962.04,292.5209
57338.7195,29960.9421,292.5115
57338.7389,29960.1187,292.5045
57338.7768,29963.1962,292.4447
57338.8209,29961.2733,292.602
57338.8339,29964.2686,292.4545
57338.8539,29963.4459,292.3606
57338.898,29961.5231,292.5179
57338.8984,29960.3422,292.5076
57338.9047,29962.4302,292.439
57338.9359,29964.6005,292.4581
57338.9494,29960.5081,292.5094
57338.9559,29963.7779,292.3642
57339.0067,29962.7622,292.4426
57339.0514,29960.8401,292.513
57339.0573,29964.1091,292.4547
57339.0832,29963.0112,292.4453
57339.0964,29960.0996,292.5069
57339.1219,29960.1826,292.5078
57339.1347,29961.9962,292.4369
57339.1528,29961.1713,292.6035
57339.1859,29963.3439,292.3622
57339.2367,29962.3282,292.4405
57339.2555,29961.504,292.5203
57339.2685,29964.4993,292.3728
57339.2814,29960.4061,292.511
57339.2879,29963.6758,292.3658
57339.3387,29962.6601,292.4442
57339.3575,29961.836,292.524
57339.3828,29960.7373,292.6014
57339.4152,29962.9091,292.4469
57339.4532,29960.0798,292.5962
57339.4601,29962.1687,292.4408
57339.4848,29961.0693,292.6051
57339.4852,29959.8884,292.5948
57339.4984,29964.0653,292.3707
57339.5179,29963.2418,292.3637
57339.5868,29961.4012,292.6087
57339.6004,29964.3972,292.3744
57339.6127,29960.3033,292.5993
57339.6199,29963.5738,292.3673
57339.6452,29962.4751,292.4448
57339.6776,29964.6469,292.2903
57339.7147,29960.6353,292.603
57339.7219,29963.9057,292.371
57339.7472,29962.8071,292.4484
57339.7725,29961.7084,292.5259
57339.7913,29960.8842,292.6057
57339.8178,29959.7871,292.5095
57339.8239,29964.2377,292.3746
57339.8498,29963.1398,292.3653
57339.8745,29962.0404,292.5295
57339.9188,29961.2992,292.6102
57339.9263,29963.3888,292.368
57339.9447,29960.2013,292.6009
57339.9512,29959.9268,292.5985
57339.9771,29962.3731,292.4464
57339.9959,29961.5489,292.5261
57340.0096,29964.5449,292.2918
57340.0467,29960.5332,292.6045
57340.0791,29962.705,292.45
57340.0979,29961.8809,292.5298
57340.1171,29959.8758,292.5993
57340.1232,29960.7822,292.6072
57340.1369,29963.7782,292.3729
57340.1557,29962.954,292.4527
57340.1559,29964.1357,292.3762
