57355.1926,29954.2467,292.3137
57355.2071,29951.3367,292.2016
57355.2382,29953.507,292.2207
57355.2437,29954.4126,292.3155
57355.2641,29952.4091,292.2114
57355.3084,29951.6679,292.2921
57355.3202,29954.6616,292.3182
57355.335,29950.5707,292.1959
57355.3396,29953.8382,292.3112
57355.3662,29952.741,292.215
57355.3793,29949.8295,292.2766
57355.4105,29951.9998,292.2957
57355.437,29950.9027,292.1995
57355.4416,29954.1701,292.3148
57355.4558,29950.0785,292.2793
57355.4682,29953.073,292.2187
57355.539,29951.2346,292.2032
57355.5702,29953.4049,292.2223
57355.5756,29954.3106,292.317
57355.5961,29952.307,292.2129
57355.641,29951.5666,292.2068
57355.6521,29954.5596,292.3198
57355.6663,29950.4679,292.2843
57355.6716,29953.7361,292.3128
57355.6981,29952.639,292.2166
57355.7431,29951.8985,292.2105
57355.7435,29950.7176,292.2002
57355.7481,29953.9851,292.3155
57355.7878,29949.9764,292.2809
57355.7991,29954.1511,292.3173
57355.8001,29952.9709,292.2202
57355.8455,29951.0496,292.2038
57355.9022,29953.3029,292.2238
57355.9153,29950.3914,292.2854
57355.9281,29952.205,292.2145
57355.973,29951.4646,292.2084
57355.9841,29954.4575,292.3213
57356.0035,29953.6341,292.3143
57356.0301,29952.537,292.2181
57356.0495,29951.7135,292.2111
57356.0754,29950.6156,292.2017
57356.0801,29953.8831,292.317
57356.1197,29949.8744,292.2824
57356.1311,29954.0491,292.3188
57356.1321,29952.8689,292.2218
57356.1775,29950.9476,292.2054
57356.2341,29953.2009,292.2254
57356.2345,29952.02,292.2151
57356.2795,29951.2795,292.209
57356.2906,29954.2725,292.322
57356.3048,29950.1809,292.2865
57356.3355,29953.5321,292.3159
57356.3366,29952.3519,292.2188
57356.3815,29951.6115,292.2126
57356.4068,29950.5128,292.2901
57356.412,29953.781,292.3186
57356.4187,29954.6882,292.2397
57356.4386,29952.6839,292.2224
57356.4524,29949.7731,292.1972
57356.463,29953.947,292.3204
57356.4835,29951.9434,292.2163
57356.5088,29950.8448,292.2937
57356.5406,29953.0158,292.226
57356.6114,29951.1775,292.2106
57356.6232,29954.1712,292.2367
57356.6374,29950.0796,292.2012
57356.6426,29953.3478,292.2297
57356.6685,29952.2499,292.2203
57356.7135,29951.5094,292.2142
57356.7252,29954.5032,292.2403
57356.7387,29950.4108,292.2917
57356.744,29953.679,292.3201
57356.7705,29952.5818,292.2239
57356.8155,29951.8414,292.2178
57356.8408,29950.7427,292.2953
57356.8726,29952.9138,292.2276
57356.878,29953.8195,292.3223
57356.8863,29950.003,292.2024
57356.9175,29952.1734,292.2215
57356.9428,29951.0747,292.2989
57356.9551,29954.0692,292.2382
57356.9746,29953.2458,292.2312
57356.9884,29950.335,292.206
57357.0454,29951.4074,292.2157
57357.0572,29954.4011,292.2419
57357.0766,29953.5777,292.2349
57357.1021,29953.6607,292.2358
57357.1025,29952.4798,292.2255
57357.1474,29951.7394,292.2194
57357.1727,29950.6407,292.2968
57357.2041,29953.9927,292.2394
57357.2045,29952.8118,292.2291
57357.2183,29949.901,292.2039
57357.2495,29952.0713,292.223
57357.2747,29950.9727,292.3005
57357.2806,29954.2416,292.2421
57357.3065,29953.1437,292.2328
57357.3203,29950.233,292.2075
57357.3774,29951.3054,292.2173
57357.4086,29953.4757,292.2364
57357.4341,29953.5587,292.2373
57357.4345,29952.3778,292.227
57357.4794,29951.6373,292.2209
57357.4798,29950.4564,292.2107
57357.4905,29954.6303,292.3339
57357.5365,29952.7097,292.2307
57357.5503,29949.799,292.2055
57357.5814,29951.9693,292.2246
57357.5818,29950.7884,292.2143
57357.5936,29953.7821,292.2404
57357.6268,29950.0479,292.2082
57357.6385,29953.0417,292.2343
57357.6956,29954.1141,292.2441
57357.7094,29951.2033,292.2188
57357.7146,29954.4716,292.2473
57357.715,29953.2907,292.237
57357.766,29953.4566,292.2389
57357.7664,29952.2757,292.2286
57357.8114,29951.5353,292.2225
57357.8118,29950.3544,292.2122
57357.8685,29952.6077,292.2322
57357.9255,29953.6801,292.242
57357.9393,29950.7693,292.2168
57357.9588,29949.9459,292.2097
57357.9705,29952.9396,292.2359
57357.997,29951.8425,292.1397
57358.0158,29951.0183,292.2195
57358.0276,29954.012,292.2456
57358.047,29953.1886,292.2386
57358.098,29953.3546,292.2404
57358.0984,29952.1737,292.2301
57358.1185,29951.351,292.1363
57358.1296,29954.344,292.2493
57358.1438,29950.2524,292.2138
57358.1749,29952.4227,292.2329
57358.2316,29954.676,292.2529
57358.2458,29950.5843,292.2174
57358.2575,29953.5781,292.2435
57358.2659,29949.7616,292.1236
57358.2769,29952.7546,292.2365
57358.3035,29951.6575,292.1403
57358.3478,29950.9163,292.221
57358.3595,29953.91,292.2472
57358.379,29953.0866,292.2401
57358.3927,29950.1758,292.2149
57358.4049,29951.9887,292.2308
57358.43,29953.2526,292.242
57358.4498,29951.2482,292.2247
57358.4615,29954.242,292.2508
57358.5065,29953.5015,292.2447
57358.5069,29952.3206,292.2344
57358.5636,29954.5739,292.2544
57358.5777,29950.4823,292.2189
57358.6089,29952.6526,292.2381
57358.6348,29951.5547,292.2287
57358.6798,29950.8142,292.2226
57358.6915,29953.808,292.2487
57358.7063,29949.7171,292.1264
57358.7109,29952.9845,292.2417
57358.7368,29951.8866,292.2323
57358.7619,29953.1505,292.2435
57358.7818,29951.1462,292.2262
57358.7935,29954.1399,292.2524
57358.8083,29950.049,292.13
57358.8384,29953.3995,292.2462
57358.8389,29952.2186,292.236
57358.8955,29954.4719,292.256
57358.9097,29950.3802,292.2205
57358.9405,29953.7314,292.2499
57358.9409,29952.5505,292.2396
57358.9668,29951.4526,292.2302
57359.0117,29950.7122,292.2241
57359.0429,29952.8825,292.2432
57359.0688,29951.7846,292.2339
57359.0939,29953.0485,292.2451
57359.1,29953.9549,292.253
57359.1137,29951.0441,292.2278
57359.1148,29949.864,292.1307
57359.1704,29953.2974,292.2478
57359.1708,29952.1165,292.2375
57359.2162,29950.1952,292.2211
57359.2275,29954.3698,292.2575
57359.2469,29953.5464,292.2505
57359.2473,29952.3655,292.2402
57359.2988,29951.3506,292.2318
57359.304,29954.6188,292.2603
57359.3437,29950.6102,292.2257
57359.3749,29952.7805,292.2448
57359.4008,29951.6826,292.2354
57359.4259,29952.9464,292.2466
57359.4319,29953.8529,292.2545
57359.4457,29950.9421,292.2293
57359.4468,29949.762,292.1322
57359.4773,29951.9315,292.2382
57359.5477,29951.2741,292.233
57359.5481,29950.0932,292.2227
57359.5595,29954.2678,292.2591
57359.5793,29952.2635,292.2418
57359.5854,29953.1699,292.2497
57359.636,29954.5168,292.2618
57359.6619,29953.4189,292.2525
57359.7072,29951.4975,292.2361
57359.7323,29952.7614,292.2473
57359.7587,29950.4826,292.2276
57359.7639,29953.7508,292.2561
57359.7643,29952.5699,292.2458
57359.777,29950.8393,292.3177
57359.8093,29951.8295,292.2397
57359.8542,29951.089,292.2336
57359.8659,29954.0828,292.2597
57359.8801,29949.9911,292.2242
57359.8918,29952.9849,292.2504
57359.9368,29952.2444,292.2443
57359.9679,29954.4147,292.2634
57359.9821,29950.3231,292.2279
57359.9939,29953.3168,292.254
57360.0392,29951.3955,292.2376
57360.0841,29950.655,292.2315
57360.0959,29953.6488,292.2576
57360.0963,29952.4679,292.2474
57360.1412,29951.7274,292.2413
57360.1473,29952.6339,292.2492
57360.1862,29950.987,292.2351
