57315.2457,29976.7813,292.9111
57315.2723,29975.6841,292.815
57315.2775,29978.9523,292.8434
57315.3035,29977.8544,292.8341
57315.3179,29974.9444,292.722
57315.3478,29977.1132,292.9148
57315.3488,29975.9331,292.8177
57315.4055,29978.1864,292.8377
57315.4192,29975.2756,292.8125
57315.4504,29977.4459,292.8316
57315.4625,29979.2588,292.8475
57315.4757,29976.3473,292.9091
57315.4958,29975.5246,292.8152
57315.5075,29978.5183,292.8414
57315.5646,29979.5907,292.8511
57315.5777,29976.6792,292.9127
57315.6095,29978.8503,292.845
57315.6354,29977.7524,292.8356
57315.6498,29974.8424,292.7236
57315.6797,29977.0112,292.9163
57315.6808,29975.831,292.8192
57315.7374,29978.0843,292.8393
57315.7512,29975.1736,292.814
57315.7945,29979.1567,292.849
57315.8077,29976.2452,292.9106
57315.8277,29975.4226,292.8168
57315.8401,29978.4171,292.7561
57315.8654,29977.3184,292.8335
57315.8965,29979.4887,292.8527
57315.9097,29976.5772,292.9142
57315.9421,29978.749,292.7597
57315.9674,29977.6503,292.8372
57316.0123,29976.9099,292.8311
57316.0127,29975.729,292.8208
57316.0694,29977.9823,292.8408
57316.0832,29975.0716,292.8156
57316.1143,29977.2419,292.8347
57316.1148,29976.061,292.8244
57316.1265,29979.0547,292.8506
57316.1721,29978.315,292.7576
57316.2161,29976.3922,292.9149
57316.2285,29979.3867,292.8542
57316.2427,29975.295,292.8187
57316.2741,29978.647,292.7613
57316.3,29977.5491,292.7519
57316.3188,29976.7249,292.8317
57316.3447,29975.627,292.8223
57316.3755,29978.9782,292.8517
57316.402,29977.881,292.7555
57316.4152,29974.9695,292.8171
57316.4208,29977.0568,292.8353
57316.4467,29975.9589,292.826
57316.4917,29975.2185,292.8199
57316.504,29978.213,292.7592
57316.5487,29976.2909,292.8296
57316.5605,29979.2846,292.8558
57316.5937,29975.5504,292.8235
57316.606,29978.5449,292.7628
57316.6065,29977.364,292.7525
57316.6508,29976.6228,292.8333
57316.6625,29979.6166,292.8594
57316.6819,29978.7932,292.8524
57316.6957,29975.8824,292.8271
57316.7078,29977.6952,292.843
57316.7216,29974.7845,292.8178
57316.7534,29976.9556,292.7501
57316.7839,29979.1251,292.856
57316.8236,29975.1164,292.8214
57316.8354,29978.1102,292.8476
57316.8548,29977.2868,292.8405
57316.8807,29976.1888,292.8312
57316.886,29979.4571,292.8596
57316.9256,29975.4484,292.8251
57316.9374,29978.4421,292.8512
57316.9827,29976.5208,292.8348
57317.0139,29978.6911,292.8539
57317.0398,29977.5932,292.8446
57317.0854,29976.8535,292.7516
57317.1107,29975.7549,292.8291
57317.1159,29979.0231,292.8576
57317.1418,29977.9252,292.8482
57317.1868,29977.1847,292.8421
57317.2127,29976.0868,292.8327
57317.2131,29974.9059,292.8224
57317.2173,29979.3543,292.948
57317.2438,29978.2571,292.8518
57317.3147,29976.4188,292.8364
57317.3406,29975.3209,292.827
57317.3459,29978.5891,292.8555
57317.3718,29977.4912,292.8461
57317.4173,29976.7515,292.7532
57317.4426,29975.6528,292.8306
57317.4479,29978.921,292.8591
57317.4621,29974.8294,292.8236
57317.4738,29977.8231,292.8497
57317.5191,29975.9018,292.8334
57317.5758,29978.1551,292.8534
57317.5896,29975.2443,292.8282
57317.6017,29977.0572,292.844
57317.6322,29979.2267,292.9499
57317.6467,29976.3167,292.8379
57317.6523,29978.4041,292.8561
57317.7037,29977.3891,292.8477
57317.7349,29979.5594,292.8668
57317.7746,29975.5508,292.8322
57317.7798,29978.819,292.8607
57317.8058,29977.7211,292.8513
57317.8323,29976.6239,292.7551
57317.8511,29975.7997,292.8349
57317.8777,29974.7026,292.7387
57317.9078,29978.053,292.8549
57317.9343,29976.9559,292.7587
57317.9649,29979.1254,292.8647
57317.979,29975.0338,292.8292
57317.9843,29978.302,292.8577
57318.0108,29977.2049,292.7615
57318.0616,29976.1892,292.8398
57318.0669,29979.4574,292.8683
57318.1059,29975.448,292.9205
57318.1122,29977.5361,292.8519
57318.1643,29976.5219,292.7567
57318.1831,29975.6977,292.8365
57318.1948,29978.6914,292.8626
57318.2397,29977.951,292.8565
57318.2408,29976.7709,292.7594
57318.2968,29979.0234,292.8662
57318.3359,29975.014,292.9185
57318.3428,29977.1028,292.763
57318.3936,29976.0871,292.8414
57318.3988,29979.3554,292.8699
57318.4124,29975.263,292.9212
57318.4248,29978.2575,292.8605
57318.4448,29977.4348,292.7667
57318.4962,29976.4199,292.7582
57318.5009,29979.6873,292.8735
57318.5013,29978.5064,292.8632
57318.515,29975.5957,292.838
57318.5723,29977.8497,292.7712
57318.5728,29976.6688,292.7609
57318.6171,29975.9276,292.8416
57318.6288,29978.9214,292.8678
57318.643,29974.8297,292.8323
57318.6489,29978.0987,292.7739
57318.6748,29977.0008,292.7646
57318.7191,29976.2596,292.8453
57318.7308,29979.2533,292.8714
57318.745,29975.1617,292.8359
57318.7768,29977.3327,292.7682
57318.8073,29979.5023,292.8741
57318.8332,29978.4044,292.8648
57318.847,29975.4936,292.8396
57318.9047,29976.5668,292.7625
57318.9352,29978.7363,292.8684
57318.949,29975.8256,292.8432
57318.9618,29977.6392,292.7722
57318.9749,29974.7277,292.8338
57319.0067,29976.8987,292.7661
57319.0373,29979.0683,292.8721
57319.051,29976.1575,292.8468
57319.0638,29977.9711,292.7759
57319.077,29975.0596,292.8375
57319.1088,29977.2307,292.7698
57319.1658,29978.3031,292.7795
57319.179,29975.3916,292.8411
57319.2108,29977.5627,292.7734
57319.2223,29979.3747,292.8761
57319.2367,29976.4648,292.764
57319.2672,29978.6343,292.87
57319.281,29975.7236,292.8447
57319.3128,29977.8946,292.777
57319.3387,29976.7967,292.7677
57319.3699,29978.967,292.7868
57319.383,29976.0555,292.8484
57319.4096,29974.9584,292.7522
57319.4407,29977.1287,292.7713
57319.4719,29979.299,292.7904
57319.4978,29978.2011,292.7811
57319.5109,29975.2896,292.8426
57319.5427,29977.4606,292.7749
57319.5687,29976.3627,292.7656
57319.5992,29978.5323,292.8715
57319.613,29975.6215,292.8463
57319.633,29974.7988,292.7524
57319.6448,29977.7926,292.7786
57319.6569,29979.6054,292.7944
57319.6707,29976.6947,292.7692
57319.7018,29978.865,292.7883
57319.715,29975.9535,292.8499
57319.7727,29977.0266,292.7729
57319.8039,29979.1969,292.792
57319.8298,29978.099,292.7826
57319.8435,29975.1883,292.7574
57319.8747,29977.3586,292.7765
57319.9006,29976.2607,292.7671
57319.9059,29979.5289,292.7956
57319.9318,29978.431,292.7862
57319.9449,29975.5195,292.8478
57319.9767,29977.6905,292.7801
57320.0026,29976.5926,292.7708
57320.0338,29978.7629,292.7899
57320.0476,29975.8522,292.7647
57320.0792,29976.8416,292.7735
57320.1358,29979.0949,292.7935
57320.15,29975.0032,292.758
57320.1617,29977.997,292.7842
57320.1812,29977.1736,292.7771
