57330.2118,29974.3178,292.4685
57330.2231,29972.9883,292.4369
57330.2256,29973.9175,292.4707
57330.2361,29969.8009,292.3807
57330.2369,29972.588,292.439
57330.2386,29970.7301,292.4145
57330.2394,29973.5172,292.4728
57330.2411,29971.6593,292.4482
57330.2432,29974.4886,292.4619
57330.2508,29972.1877,292.4411
57330.2524,29970.3298,292.4166
57330.2549,29971.259,292.4503
57330.2611,29973.1596,292.4732
57330.2662,29969.9295,292.4187
57330.27,29970.9009,292.4079
57330.2992,29974.0803,292.4577
57330.3106,29972.7508,292.426
57330.313,29973.68,292.4598
57330.3147,29971.8221,292.4352
57330.3168,29974.6514,292.4489
57330.326,29970.4926,292.4036
57330.3269,29973.2797,292.4619
57330.3285,29971.4218,292.4373
57330.3306,29974.2511,292.451
57330.331,29972.351,292.4711
57330.3398,29970.0923,292.4057
57330.3502,29971.0642,292.4378
57330.3526,29971.9934,292.4715
57330.3866,29973.8428,292.4468
57330.3908,29972.9141,292.456
57330.3971,29969.7262,292.3568
57330.3996,29970.6554,292.3906
57330.4021,29971.5846,292.4243
57330.4042,29974.4139,292.438
57330.4046,29972.5138,292.4581
57330.4083,29973.4852,292.4472
57330.4134,29970.2551,292.3927
57330.4221,29973.0849,292.4493
57330.4238,29971.227,292.4248
57330.4262,29972.1561,292.4585
57330.431,29970.8262,292.384
57330.4351,29969.8975,292.3932
57330.4401,29971.7558,292.4607
57330.4668,29974.0061,292.4767
57330.4778,29974.5767,292.425
57330.4782,29972.6766,292.4451
57330.4871,29970.4179,292.3797
57330.4885,29973.6484,292.4772
57330.4895,29971.3471,292.4134
57330.4982,29974.1769,292.4701
57330.4999,29972.3189,292.4455
57330.5023,29973.2481,292.4793
57330.5087,29970.0603,292.3802
57330.5096,29972.8474,292.4385
57330.5112,29970.9894,292.4139
57330.5137,29971.9186,292.4476
57330.5184,29970.5887,292.3731
57330.5275,29971.5183,292.4498
57330.5543,29973.7685,292.4658
57330.5656,29972.439,292.4342
57330.5718,29974.3396,292.4571
57330.5759,29973.4109,292.4663
57330.5848,29971.1522,292.4009
57330.5857,29973.9393,292.4592
57330.5873,29972.0814,292.4346
57330.5889,29970.2235,292.4101
57330.5898,29973.0106,292.4684
57330.5962,29969.8227,292.3693
57330.597,29972.6098,292.4276
57330.5986,29970.7519,292.403
57330.6011,29971.6811,292.4368
57330.6454,29974.5024,292.4441
57330.6496,29973.5737,292.4533
57330.6547,29970.3436,292.3987
57330.6593,29974.1021,292.4462
57330.6609,29972.2442,292.4216
57330.665,29971.3155,292.4308
57330.67,29973.1739,292.4983
57330.6722,29970.9147,292.39
57330.6747,29971.8439,292.4238
57330.6763,29969.986,292.3992
57330.6772,29972.7731,292.4575
57330.6809,29973.7445,292.4467
57330.6861,29970.5144,292.3921
57330.6964,29971.4863,292.4242
57330.7013,29973.3447,292.4917
57330.7256,29974.6657,292.474
57330.7329,29974.2649,292.4332
57330.7411,29972.4075,292.4516
57330.7483,29972.0067,292.4108
57330.75,29970.1488,292.3862
57330.7524,29971.078,292.4199
57330.7574,29972.9363,292.4874
57330.7597,29970.6772,292.3791
57330.7611,29973.9078,292.4766
57330.7621,29971.6064,292.4129
57330.7638,29969.7485,292.3883
57330.7725,29972.5783,292.445
57330.775,29973.5074,292.4787
57330.7813,29970.3196,292.3796
57330.7838,29971.2488,292.4133
57330.7888,29973.1071,292.4808
57330.8131,29974.4282,292.4631
57330.8269,29974.0279,292.4652
57330.8285,29972.1699,292.4407
57330.8358,29971.7692,292.3999
57330.8374,29969.9113,292.3753
57330.8382,29972.6984,292.4336
57330.8399,29970.8404,292.4091
57330.8445,29974.599,292.4565
57330.8486,29973.6702,292.4657
57330.8537,29970.4401,292.4112
57330.8574,29971.4116,292.4003
57330.8599,29972.3407,292.4341
57330.8624,29973.2699,292.4678
57330.9005,29974.1906,292.4522
57330.911,29970.0741,292.3623
57330.9135,29971.0032,292.3961
57330.916,29971.9324,292.4298
57330.9184,29972.8616,292.4636
57330.9222,29973.833,292.4527
57330.9273,29970.6029,292.3982
57330.931,29971.5744,292.3873
57330.9335,29972.5035,292.4211
57330.936,29973.4327,292.4548
57330.9449,29971.174,292.3894
57330.949,29970.2453,292.3986
57330.9741,29974.3534,292.4392
57330.9896,29972.0952,292.4168
57330.9958,29973.9958,292.4397
57330.9984,29969.8365,292.3514
57330.9986,29973.0249,292.4935
57331.0009,29970.7657,292.3852
57331.0112,29971.7376,292.4173
57331.0121,29974.5247,292.4756
57331.0137,29972.6668,292.451
57331.0162,29973.596,292.4848
57331.0209,29972.266,292.4102
57331.0226,29970.4081,292.3856
57331.0251,29971.3373,292.4194
57331.03,29973.1957,292.4869
57331.076,29974.1591,292.4696
57331.077,29971.8577,292.4059
57331.0786,29969.9998,292.3814
57331.0811,29970.929,292.4151
57331.0857,29974.6875,292.4626
57331.0873,29972.8296,292.438
57331.0898,29973.7588,292.4718
57331.0962,29970.5709,292.3726
57331.0987,29971.5001,292.4064
57331.0995,29974.2872,292.4647
57331.1011,29972.4293,292.4401
57331.1084,29972.0285,292.3993
57331.11,29970.1706,292.3747
57331.1115,29973.4011,292.4722
57331.1125,29971.0998,292.4085
57331.1597,29972.9501,292.4696
57331.1634,29973.9216,292.4588
57331.1661,29969.7623,292.3705
57331.1723,29971.6629,292.3934
57331.1731,29974.45,292.4517
57331.1747,29972.5921,292.4271
57331.1764,29970.7341,292.4026
57331.182,29972.1913,292.3863
57331.1836,29970.3334,292.3617
57331.1851,29973.5639,292.4592
57331.1861,29971.2626,292.3955
57331.1948,29974.0924,292.4521
57331.1974,29969.9331,292.3639
57331.1976,29973.1214,292.5059
57331.2421,29970.8542,292.3912
57331.2459,29971.8257,292.3804
57331.2484,29972.7549,292.4141
57331.2508,29973.684,292.4479
57331.2533,29974.6132,292.4816
57331.2597,29971.4254,292.3825
57331.2622,29972.3545,292.4162
57331.2638,29970.4966,292.3917
57331.2684,29974.2552,292.4391
57331.2694,29971.9538,292.3754
57331.2735,29971.025,292.3846
57331.2776,29970.0963,292.3938
57331.3135,29973.2762,292.4865
57331.3244,29973.8468,292.4349
57331.3286,29972.9181,292.4441
57331.3333,29971.5882,292.3695
57331.3358,29972.5173,292.4032
57331.3374,29970.6594,292.3787
57331.3486,29974.4184,292.4691
57331.3496,29972.117,292.4053
57331.3512,29970.2591,292.3808
57331.3527,29973.4897,292.4783
57331.3537,29971.1883,292.4145
57331.3558,29974.0176,292.4282
57331.3587,29973.0467,292.482
57331.3651,29969.8588,292.3829
57331.3688,29970.8302,292.3721
57331.3738,29972.6886,292.4396
57331.4135,29971.7514,292.3994
57331.4144,29974.5385,292.4577
57331.4232,29972.2798,292.3923
57331.4249,29970.4219,292.3678
57331.4263,29973.6525,292.4653
57331.4273,29971.3511,292.4015
57331.4323,29973.2095,292.469
57331.436,29974.1809,292.4582
57331.4387,29970.0216,292.3699
57331.4412,29970.9508,292.4037
57331.4449,29971.9222,292.3928
57331.4474,29972.8514,292.4266
57331.4921,29973.7726,292.4539
57331.4968,29972.4426,292.3793
57331.4985,29970.5847,292.3548
57331.5009,29971.5139,292.3885
57331.5096,29974.3437,292.4452
57331.5107,29972.0423,292.3815
57331.5123,29970.1844,292.3569
57331.5137,29973.4149,292.4544
57331.5148,29971.1136,292.3906
57331.5235,29973.9434,292.4473
57331.5276,29973.0146,292.4565
57331.534,29969.8268,292.3574
57331.5348,29972.6139,292.4157
57331.5364,29970.756,292.3911
57331.5745,29971.6767,292.3755
57331.5832,29974.5065,292.4322
57331.5843,29972.2051,292.3685
57331.5859,29970.3472,292.3439
57331.5874,29973.5777,292.4414
57331.5884,29971.2764,292.3776
57331.5971,29974.1062,292.4343
57331.6012,29973.1774,292.4435
57331.6059,29971.8475,292.3689
57331.6076,29969.9896,292.3444
57331.61,29970.9187,292.3781
57331.615,29972.7771,292.4456
57331.6531,29973.6978,292.43
57331.662,29971.4392,292.3646
57331.6634,29974.6697,292.4621
57331.6645,29972.3683,292.3984
57331.6661,29970.5104,292.3738
57331.6707,29974.2689,292.4213
57331.6733,29970.1097,292.333
57331.6748,29973.3402,292.4305
57331.6795,29972.0103,292.3559
57331.6836,29971.0815,292.3651
57331.6845,29973.8686,292.4234
57331.6886,29972.9399,292.4326
57331.6934,29971.61,292.358
57331.695,29969.752,292.3335
57331.6958,29972.5391,292.3918
57331.6975,29970.6812,292.3672
57331.7509,29974.4322,292.4512
57331.7535,29970.2729,292.3629
57331.755,29973.5035,292.4604
57331.756,29971.2021,292.3967
57331.7581,29974.0314,292.4104
57331.7597,29972.1735,292.3858
57331.7686,29969.9148,292.3205
57331.7688,29973.1032,292.4625
57331.7711,29970.844,292.3542
57331.7736,29971.7732,292.388
57331.776,29972.7024,292.4217
57331.7823,29974.603,292.4446
57331.7849,29970.4437,292.3563
57331.7864,29973.6743,292.4538
57331.7874,29971.3729,292.3901
57331.8002,29973.274,292.4559
57331.8255,29972.2936,292.3745
57331.8317,29974.1942,292.3974
57331.8422,29970.0776,292.3075
57331.8472,29971.936,292.375
57331.8513,29971.0073,292.3842
57331.8521,29973.7944,292.4425
57331.8562,29972.8656,292.4517
57331.8585,29970.6065,292.3433
57331.861,29971.5357,292.3771
57331.8635,29972.4649,292.4108
57331.8738,29973.4367,292.4429
57331.9119,29974.3575,292.4273
57331.9146,29970.1982,292.3391
57331.9208,29972.0988,292.362
57331.9249,29971.1701,292.3712
57331.9257,29973.9572,292.4295
57331.9296,29969.8401,292.2966
57331.9298,29973.0284,292.4386
57331.9346,29971.6985,292.3641
57331.9371,29972.6277,292.3978
57331.9387,29970.7697,292.3733
57331.9433,29974.5283,292.4207
57331.9459,29970.369,292.3324
57331.9474,29973.5995,292.4299
57331.9563,29971.3409,292.3645
57331.9612,29973.1992,292.432
57331.9993,29974.1199,292.4164
57332.001,29972.262,292.3919
57332.0082,29971.8613,292.3511
57332.0098,29970.0034,292.3265
57332.0123,29970.9325,292.3603
57332.0173,29972.7909,292.4278
57332.021,29973.7623,292.4169
57332.0261,29970.5322,292.3624
57332.0286,29971.4614,292.3961
57332.0324,29972.4328,292.3853
57332.0348,29973.362,292.419
57332.0412,29970.1742,292.3199
57332.073,29974.2827,292.4034
57332.0859,29971.0953,292.3473
57332.0868,29973.8824,292.4056
57332.0884,29972.0245,292.381
57332.0973,29969.7658,292.3156
57332.0987,29972.9964,292.4131
57332.0997,29970.695,292.3494
57332.1022,29971.6242,292.3831
57332.1043,29974.4535,292.3968
57332.1125,29972.5961,292.4152
57332.1148,29970.337,292.3069
57332.115,29973.5253,292.449
57332.1198,29972.1953,292.3744
57332.1239,29971.2666,292.3836
57332.1604,29974.0452,292.3926
57332.1709,29969.9286,292.3026
57332.1711,29973.1169,292.4447
57332.1734,29970.8578,292.3364
57332.1758,29971.787,292.3701
57332.1845,29974.6168,292.4268
57332.1862,29972.7589,292.4022
57332.1886,29973.6881,292.436
57332.195,29970.5002,292.3368
57332.1975,29971.4294,292.3706
57332.1984,29974.2165,292.4289
57332.2,29972.3586,292.4043
57332.2023,29970.0994,292.296
57332.2025,29973.2877,292.4381
57332.2113,29971.0291,292.3727
57332.2494,29971.9498,292.3571
57332.2583,29969.6911,292.2917
57332.2608,29970.6203,292.3255
57332.2622,29973.8509,292.423
57332.2664,29972.9221,292.4322
57332.2711,29971.5922,292.3576
57332.272,29974.3793,292.4159
57332.2736,29972.5214,292.3913
57332.2761,29973.4505,292.4251
57332.2825,29970.2627,292.3259
57332.2849,29971.1919,292.3597
57332.2874,29972.121,292.3934
57332.2897,29969.8619,292.2851
57332.2977,29973.0929,292.4255
57332.2988,29970.7915,292.3618
57332.3359,29974.0137,292.41
57332.3369,29971.7123,292.3462
57332.3456,29974.5421,292.4029
57332.3497,29973.6133,292.4121
57332.3538,29972.6846,292.4213
57332.3561,29970.4255,292.3129
57332.3585,29971.3547,292.3467
57332.361,29972.2838,292.3804
57332.3635,29973.213,292.4142
57332.3672,29974.1845,292.4033
57332.3699,29970.0252,292.3151
57332.3724,29970.9543,292.3488
57332.3748,29971.8835,292.3826
57332.4274,29972.8474,292.4083
57332.4299,29973.7766,292.442
57332.4322,29971.5175,292.3337
57332.433,29974.3045,292.392
57332.4346,29972.4466,292.3674
57332.4363,29970.5887,292.3429
57332.4435,29970.188,292.3021
57332.4437,29973.3763,292.4441
57332.446,29971.1171,292.3358
57332.4485,29972.0463,292.3696
57332.4573,29969.7876,292.3042
57332.4588,29973.0182,292.4016
57332.4598,29970.7168,292.3379
57332.4613,29973.9474,292.4354
57332.5123,29971.6807,292.3636
57332.5132,29974.4678,292.4219
57332.5148,29972.6099,292.3974
57332.5173,29973.5391,292.4311
57332.5196,29971.2799,292.3228
57332.5237,29970.3512,292.332
57332.5286,29972.2096,292.3995
57332.5309,29969.9504,292.2912
57332.5334,29970.8796,292.3249
57332.5349,29974.1102,292.4224
57332.539,29973.1815,292.4316
57332.5437,29971.8515,292.357
57332.5462,29972.7807,292.3908
57332.5487,29973.7099,292.4245
57332.5868,29974.6306,292.4089
57332.5932,29971.4427,292.3098
57332.5973,29970.514,292.319
57332.6023,29972.3724,292.3865
57332.6047,29973.3015,292.4202
57332.6085,29974.273,292.4094
57332.6111,29970.1137,292.3211
57332.6136,29971.0429,292.3549
57332.6161,29971.972,292.3886
57332.6223,29973.8727,292.4115
57332.6262,29969.7556,292.2786
57332.6264,29972.9439,292.4207
57332.6287,29970.6848,292.3124
57332.6734,29971.606,292.3397
57332.6759,29972.5352,292.3735
57332.6783,29973.4643,292.4072
57332.6821,29974.4358,292.3964
57332.6847,29970.2765,292.3081
57332.6872,29971.2057,292.3419
57332.6897,29972.1348,292.3756
57332.6959,29974.0355,292.3985
57332.7,29973.1067,292.4077
57332.7048,29971.7768,292.3331
57332.7064,29969.9189,292.3086
57332.7089,29970.848,292.3423
57332.7138,29972.7064,292.4098
57332.7161,29970.4473,292.3015
57332.7163,29973.6356,292.4436
57332.7544,29974.5563,292.428
57332.7608,29971.3685,292.3288
57332.7633,29972.2976,292.3626
57332.7695,29974.1982,292.3855
57332.7722,29970.039,292.2972
57332.7802,29973.27,292.4376
57332.7825,29971.0108,292.3293
57332.785,29971.94,292.3631
57332.7874,29972.8692,292.3968
57332.7899,29973.7984,292.4306
57332.7922,29971.5393,292.3222
57332.7963,29970.6105,292.3314
57332.8037,29973.3981,292.4327
57332.8101,29970.2102,292.3335
57332.8435,29972.4609,292.3925
57332.8483,29971.1309,292.318
57332.8497,29974.3615,292.4154
57332.8586,29972.1028,292.3501
57332.8635,29973.9612,292.4175
57332.8674,29969.8441,292.2847
57332.8676,29973.0325,292.4267
57332.8699,29970.7733,292.3184
57332.8724,29971.7025,292.3522
57332.8749,29972.6317,292.3859
57332.8774,29973.5609,292.4197
57332.8811,29974.5323,292.4088
57332.8837,29970.373,292.3205
57332.9219,29971.2937,292.305
57332.9371,29974.124,292.4045
57332.9388,29972.2661,292.38
57332.9411,29970.0069,292.2717
57332.9412,29973.1952,292.4137
57332.9435,29970.9361,292.3054
57332.946,29971.8653,292.3392
57332.951,29973.7237,292.4067
57332.9533,29971.4645,292.2983
57332.9551,29972.7949,292.4159
57332.9574,29970.5358,292.3075
57332.9623,29972.3942,292.375
57332.9712,29970.1355,292.3096
57332.9726,29973.366,292.4071
57333.0108,29974.2868,292.3915
57333.0171,29971.0989,292.2924
57333.0246,29973.8865,292.3937
57333.0262,29972.0285,292.3691
57333.0285,29969.7694,292.2608
57333.0287,29972.9577,292.4029
57333.031,29970.6986,292.2945
57333.0334,29971.6278,292.3283
57333.0421,29974.4576,292.3849
57333.0425,29972.5574,292.405
57333.0448,29970.2983,292.2966
57333.0462,29973.5288,292.3941
57333.0485,29971.2697,292.2858
57333.0576,29972.1993,292.3625
57333.0601,29973.1285,292.3962
57333.0982,29974.0492,292.3807
57333.1046,29970.8614,292.2815
57333.1071,29971.7906,292.3153
57333.1087,29969.9327,292.2907
57333.1161,29972.7202,292.392
57333.1184,29970.4611,292.2836
57333.1199,29973.6916,292.3811
57333.1209,29971.3903,292.3174
57333.1223,29974.6208,292.4149
57333.1337,29973.2913,292.3832
57333.136,29971.0322,292.2749
57333.1378,29972.3626,292.3924
57333.1401,29970.1035,292.2841
57333.1784,29974.2125,292.4106
57333.1856,29973.8117,292.3698
57333.1872,29971.9538,292.3452
57333.192,29970.6239,292.2706
57333.1945,29971.553,292.3044
57333.1961,29969.6951,292.2798
57333.1963,29972.8835,292.4219
57333.2073,29973.4541,292.3702
57333.2098,29974.3833,292.404
57333.2114,29972.5254,292.3794
57333.2137,29970.2663,292.2711
57333.2162,29971.1954,292.3048
57333.2186,29972.1246,292.3386
57333.2275,29969.8659,292.2732
57333.2277,29973.0543,292.4153
57333.2671,29974.0172,292.3551
57333.2722,29970.7871,292.3006
57333.2747,29971.7163,292.3343
57333.2809,29973.6169,292.3572
57333.2834,29974.5461,292.391
57333.2873,29970.429,292.2581
57333.2898,29971.3582,292.2918
57333.2916,29972.6886,292.4094
57333.2972,29974.1458,292.3931
57333.2988,29972.2879,292.3685
57333.3011,29970.0287,292.2602
57333.3013,29973.217,292.4023
57333.3036,29970.9579,292.294
57333.3061,29971.8871,292.3277
57333.3151,29972.8167,292.4044
57333.3545,29973.7797,292.3442
57333.3596,29970.5496,292.2897
57333.3621,29971.4788,292.3234
57333.3708,29974.3086,292.3801
57333.3747,29970.1915,292.2472
57333.3749,29973.3798,292.3893
57333.3772,29971.1207,292.281
57333.379,29972.4511,292.3985
57333.3863,29972.0503,292.3576
57333.3885,29969.7912,292.2493
57333.3887,29972.9795,292.3914
57333.391,29970.7204,292.2831
57333.4347,29973.9429,292.3742
57333.4357,29971.6416,292.3104
57333.4419,29973.5422,292.3333
57333.451,29974.4718,292.41
57333.4526,29972.6139,292.3855
57333.4549,29970.3548,292.2771
57333.4574,29971.284,292.3109
57333.4622,29969.954,292.2363
57333.4623,29973.1423,292.3784
57333.4646,29970.8832,292.2701
57333.4661,29974.1138,292.3675
57333.4664,29972.2136,292.3876
57333.4737,29971.8128,292.3468
57333.4906,29972.7852,292.4218
57333.5221,29973.7054,292.3633
57333.5246,29974.6346,292.397
57333.5285,29970.5176,292.2641
57333.531,29971.4468,292.2979
57333.536,29973.3051,292.3654
57333.5384,29974.2343,292.3991
57333.5401,29972.3764,292.3746
57333.5423,29970.1173,292.2663
57333.5448,29971.0464,292.3
57333.5496,29969.7165,292.2254
57333.5535,29973.8762,292.3567
57333.5539,29971.9761,292.3767
57333.5564,29972.9053,292.4104
57333.5599,29970.6884,292.2575
57333.569,29971.618,292.3342
57333.578,29972.5476,292.4109
57333.6096,29973.4679,292.3524
57333.612,29974.3971,292.3861
57333.616,29970.28,292.2533
57333.6184,29971.2092,292.287
57333.6275,29972.1389,292.3637
57333.6298,29969.8797,292.2554
57333.63,29973.068,292.3974
57333.6323,29970.8089,292.2891
57333.6337,29974.0395,292.3866
57333.6413,29971.7386,292.3658
57333.6473,29970.4508,292.2466
57333.6516,29972.7104,292.3979
57333.6832,29973.6307,292.3394
57333.6857,29974.5599,292.3731
57333.6986,29971.3725,292.3169
57333.7034,29970.0425,292.2424
57333.7036,29973.2308,292.3844
57333.7059,29970.9717,292.2761
57333.7073,29974.2023,292.3736
57333.7077,29972.3021,292.3936
57333.7149,29971.9013,292.3528
57333.7211,29973.802,292.3757
57333.7252,29972.8732,292.3849
57333.7275,29970.6141,292.2766
57333.73,29971.5433,292.3103
57333.7457,29972.4734,292.43
57333.7529,29972.0726,292.3891
57333.7706,29973.3932,292.3285
57333.7731,29974.3224,292.3622
57333.777,29970.2053,292.2294
57333.7861,29971.135,292.3061
57333.7908,29969.805,292.2315
57333.791,29972.9933,292.3736
57333.7948,29973.9648,292.3627
57333.8011,29970.7769,292.2636
57333.8084,29970.3761,292.2227
57333.8086,29973.5644,292.3648
57333.8102,29971.7065,292.3403
57333.8174,29971.3058,292.2994
57333.8193,29972.6362,292.417
57333.8331,29972.2358,292.4191
57333.8467,29974.4852,292.3492
57333.8644,29969.9678,292.2185
57333.8684,29974.1275,292.3497
57333.8725,29973.1988,292.3589
57333.8813,29970.9401,292.2935
57333.8822,29973.7272,292.3518
57333.8825,29971.8271,292.3719
57333.8847,29974.6564,292.3856
57333.8886,29970.5394,292.2527
57333.8929,29972.799,292.404
57333.8976,29971.469,292.3294
57333.9067,29972.3986,292.4061
57333.9284,29972.041,292.4065
57333.938,29970.1306,292.2055
57333.9461,29973.3616,292.3459
57333.9471,29971.0602,292.2822
57333.9486,29974.2908,292.3796
57333.9558,29973.89,292.3388
57333.9597,29969.773,292.2059
57333.9622,29970.7022,292.2397
57333.9665,29972.9618,292.3909
57333.9696,29973.4897,292.3409
57333.9712,29971.6318,292.3164
57333.9799,29974.4616,292.373
57333.9851,29971.2315,292.3185
57333.9869,29972.5619,292.436
57334.002,29972.2038,292.3935
57334.0182,29970.2938,292.2354
57334.0294,29974.0528,292.3258
57334.0333,29969.9358,292.1929
57334.0335,29973.1241,292.335
57334.0424,29970.8654,292.2696
57334.0432,29973.6525,292.3279
57334.0496,29970.4646,292.2288
57334.0514,29971.795,292.3463
57334.0536,29974.6244,292.36
57334.0587,29971.3943,292.3055
57334.0605,29972.7247,292.423
57334.0649,29973.2949,292.3284
57334.0738,29971.0362,292.263
57334.0743,29972.3244,292.4251
57334.0853,29972.895,292.3734
57334.0894,29971.9663,292.3826
57334.0991,29970.0559,292.1816
57334.1096,29974.2161,292.3557
57334.1168,29973.8153,292.3149
57334.1207,29969.6983,292.182
57334.1298,29970.6279,292.2587
57334.1385,29973.4577,292.3154
57334.1389,29971.5575,292.3354
57334.141,29974.3869,292.3491
57334.1461,29971.1568,292.2946
57334.1479,29972.4872,292.4121
57334.1589,29973.0578,292.3604
57334.1696,29972.1296,292.4126
57334.1793,29970.2191,292.2115
57334.1793,29972.658,292.4055
57334.1944,29969.861,292.169
57334.197,29973.9785,292.3449
57334.2034,29970.7907,292.2457
57334.2043,29973.5778,292.304
57334.2107,29970.3899,292.2049
57334.2125,29971.7203,292.3224
57334.2146,29974.5497,292.3361
57334.2197,29971.3196,292.2816
57334.2325,29973.2206,292.3474
57334.2414,29970.9619,292.2821
57334.2432,29972.2923,292.3996
57334.2504,29971.8916,292.3587
57334.2529,29972.8208,292.3925
57334.268,29970.0238,292.156
57334.2706,29974.1413,292.3319
57334.2845,29973.741,292.334
57334.2869,29974.6702,292.3677
57334.2909,29970.5532,292.2348
57334.2981,29970.1524,292.194
57334.2999,29971.4828,292.3115
57334.3061,29973.3834,292.3344
57334.3086,29974.3126,292.3682
57334.309,29972.4124,292.3882
57334.315,29971.1247,292.2691
57334.32,29972.9831,292.3365
57334.3306,29972.0548,292.3887
57334.3404,29972.5832,292.3816
57334.3581,29973.9038,292.321
57334.362,29969.7868,292.1881
57334.3645,29970.716,292.2218
57334.3735,29971.6456,292.2985
57334.3783,29970.3156,292.224
57334.3797,29973.5462,292.3214
57334.3822,29974.4754,292.3552
57334.3886,29971.2875,292.256
57334.3895,29974.0746,292.3144
57334.3934,29969.9576,292.1815
57334.3936,29973.1459,292.3235
57334.4024,29970.8872,292.2582
57334.4042,29972.2176,292.3757
57334.4115,29971.8169,292.3349
57334.414,29972.746,292.3686
57334.4422,29972.3889,292.412
57334.4519,29970.4784,292.211
57334.4534,29973.709,292.3084
57334.4558,29974.6382,292.3422
57334.461,29971.4081,292.2876
57334.467,29970.1204,292.1685
57334.4672,29973.3087,292.3105
57334.4697,29974.2379,292.3443
57334.476,29971.05,292.2452
57334.4876,29972.9088,292.3556
57334.4899,29970.6497,292.2473
57334.4917,29971.9801,292.3648
57334.4923,29971.5789,292.281
57334.5158,29972.5517,292.399
57334.5191,29973.8291,292.2971
57334.523,29969.7121,292.1642
57334.5296,29972.1514,292.4011
57334.5393,29970.2409,292.2001
57334.5408,29973.4715,292.2975
57334.5433,29974.4007,292.3313
57334.5496,29971.2128,292.2322
57334.5544,29969.8829,292.1576
57334.5571,29974.0004,292.3334
57334.5612,29973.0716,292.3426
57334.5635,29970.8125,292.2343
57334.5725,29971.7421,292.311
57334.5816,29972.6718,292.3877
57334.6033,29972.3141,292.3881
57334.6144,29973.6343,292.2845
57334.6195,29970.4042,292.23
57334.6235,29974.5639,292.3612
57334.6298,29971.376,292.2621
57334.6307,29974.1631,292.3204
57334.6346,29970.0461,292.1875
57334.6348,29973.2344,292.3296
57334.6371,29970.9753,292.2213
57334.6509,29970.575,292.2234
57334.6524,29973.8055,292.3209
57334.6527,29971.9054,292.3409
57334.6612,29971.5469,292.2555
57334.663,29972.8773,292.373
57334.6769,29972.4769,292.3751
57334.7084,29973.3972,292.3166
57334.7109,29974.3264,292.3503
57334.7148,29970.2093,292.2175
57334.7173,29971.1385,292.2512
57334.722,29969.8086,292.1766
57334.7222,29972.9969,292.3187
57334.7245,29970.7378,292.2104
57334.726,29973.9683,292.3079
57334.7329,29972.0686,292.3708
57334.7336,29971.6674,292.2871
57334.7398,29973.568,292.31
57334.7487,29971.3093,292.2446
57334.7505,29972.6397,292.3621
57334.7643,29972.2394,292.3642
57334.7845,29974.4892,292.3373
57334.7884,29970.3721,292.2045
57334.7956,29969.9714,292.1636
57334.7958,29973.1597,292.3057
57334.7983,29974.0889,292.3395
57334.8047,29970.901,292.2403
57334.8134,29973.7308,292.297
57334.8138,29971.8306,292.317
57334.8223,29971.4721,292.2316
57334.8225,29974.6604,292.3737
57334.8241,29972.8025,292.3491
57334.8264,29970.5434,292.2408
57334.8445,29972.4027,292.3942
57334.8694,29973.3225,292.2927
57334.8719,29974.2517,292.3264
57334.8758,29970.1346,292.1936
57334.8783,29971.0638,292.2273
57334.8831,29969.7339,292.1527
57334.8921,29970.6635,292.2294
57334.8936,29973.8941,292.3269
57334.894,29971.9939,292.347
57334.8977,29972.9653,292.3361
57334.9025,29971.6354,292.2615
57334.9074,29973.4937,292.329
57334.9097,29971.2346,292.2207
57334.9099,29974.4229,292.3628
57334.9138,29970.3059,292.2299
57334.9181,29972.5655,292.3812
57334.9253,29972.1647,292.3403
57334.9633,29969.8971,292.1827
57334.9657,29970.8263,292.2164
57334.9672,29974.0568,292.3139
57334.9713,29973.1281,292.3231
57334.981,29973.6565,292.316
57334.9827,29971.7986,292.2915
57334.9835,29974.5857,292.3498
57334.9851,29972.7278,292.3252
57334.9874,29970.4687,292.2169
57334.9899,29971.3979,292.2506
57334.9948,29973.2562,292.3181
57335.0055,29972.3279,292.3703
57335.0206,29971.9699,292.3278
57335.0369,29970.0599,292.1697
57335.0394,29970.9891,292.2034
57335.0474,29974.2201,292.3438
57335.0546,29973.8193,292.303
57335.0585,29969.7023,292.1701
57335.0587,29972.8906,292.3122
57335.061,29970.6315,292.2039
57335.0635,29971.5606,292.2376
57335.0685,29973.419,292.3051
57335.0709,29974.3482,292.3389
57335.0748,29970.2311,292.206
57335.0773,29971.1603,292.2398
57335.0791,29972.4907,292.3573
57335.0864,29972.09,292.3164
57335.0901,29973.0614,292.3056
57335.1243,29969.8224,292.1588
57335.1348,29973.9826,292.333
57335.1412,29970.7947,292.2338
57335.1421,29973.5818,292.2921
57335.1437,29971.7239,292.2676
57335.1509,29971.3231,292.2267
57335.1511,29974.5114,292.3688
57335.1528,29972.6535,292.3443
57335.155,29970.3944,292.2359
57335.1623,29969.9936,292.1951
57335.1637,29973.2242,292.2926
57335.1648,29970.9228,292.2289
57335.1666,29972.2532,292.3464
57335.1841,29972.8243,292.3376
