57315.1902,29979.8685,292.6022
57315.1927,29980.7977,292.6359
57315.1948,29983.627,292.6496
57315.1964,29981.7691,292.6251
57315.1989,29982.6983,292.6588
57315.2078,29980.4396,292.5934
57315.2103,29981.3688,292.6272
57315.2395,29984.5482,292.677
57315.255,29982.29,292.6546
57315.2574,29983.2192,292.6883
57315.2612,29984.1906,292.6775
57315.2638,29980.0313,292.5892
57315.2663,29980.9605,292.6229
57315.275,29983.7903,292.6796
57315.2766,29981.9324,292.655
57315.2791,29982.8615,292.6888
57315.2839,29981.5316,292.6142
57315.2863,29982.4608,292.6479
57315.288,29980.6029,292.6234
57315.2888,29983.39,292.6817
57315.3018,29980.2025,292.6255
57315.3348,29984.3534,292.6644
57315.3399,29981.1233,292.6099
57315.3486,29983.9531,292.6666
57315.3502,29982.0952,292.642
57315.3527,29983.0243,292.6758
57315.3578,29979.7942,292.6212
57315.3616,29980.7657,292.6104
57315.3624,29983.5528,292.6687
57315.3641,29981.6948,292.6441
57315.3649,29984.4819,292.7024
57315.3665,29982.624,292.6779
57315.3754,29980.3653,292.6125
57315.3779,29981.2945,292.6462
57315.4222,29984.1159,292.6536
57315.4263,29983.1871,292.6628
57315.4304,29982.2584,292.6719
57315.4314,29979.957,292.6082
57315.436,29983.7155,292.6557
57315.4377,29981.8576,292.6311
57315.4385,29984.6447,292.6894
57315.4401,29982.7868,292.6649
57315.4418,29980.9289,292.6403
57315.4499,29983.3152,292.6578
57315.4515,29981.4573,292.6332
57315.454,29982.3865,292.667
57315.4556,29980.5286,292.6424
57315.4628,29980.1278,292.6016
57315.5024,29984.2791,292.6835
57315.5075,29981.049,292.629
57315.5096,29983.8783,292.6427
57315.5138,29982.9496,292.6519
57315.5179,29982.0209,292.6611
57315.5251,29981.6201,292.6202
57315.5267,29979.7622,292.5957
57315.5276,29982.5493,292.654
57315.5292,29980.6914,292.6294
57315.5301,29983.4785,292.6877
57315.5338,29984.4499,292.6769
57315.5389,29981.2198,292.6223
57315.543,29980.2911,292.6315
57315.5492,29982.1917,292.6544
57315.5517,29983.1209,292.6882
57315.5647,29979.9335,292.632
57315.5898,29984.0416,292.6726
57315.6012,29982.7121,292.641
57315.6028,29980.8542,292.6164
57315.6037,29983.6413,292.6747
57315.6053,29981.7834,292.6502
57315.6074,29984.6127,292.6639
57315.6166,29980.4539,292.6185
57315.6191,29981.383,292.6523
57315.6212,29984.2124,292.666
57315.6229,29982.3545,292.6414
57315.6253,29983.2837,292.6752
57315.6305,29980.0536,292.6207
57315.6342,29981.025,292.6098
57315.6367,29981.9542,292.6436
57315.6748,29982.8749,292.628
57315.6773,29983.8041,292.6617
57315.6886,29982.4746,292.6301
57315.6902,29980.6167,292.6055
57315.6911,29983.4038,292.6638
57315.6927,29981.5458,292.6393
57315.7014,29984.3756,292.6959
57315.7041,29980.2163,292.6077
57315.7065,29981.1455,292.6414
57315.7087,29983.9749,292.6551
57315.7103,29982.117,292.6306
57315.7257,29979.8587,292.6081
57315.755,29983.0381,292.6579
57315.7622,29982.6374,292.6171
57315.7647,29983.5665,292.6508
57315.7663,29981.7086,292.6263
57315.7704,29980.7799,292.6355
57315.775,29984.5384,292.6829
57315.7777,29980.3791,292.5946
57315.7802,29981.3083,292.6284
57315.7839,29982.2797,292.6175
57315.7864,29983.2089,292.6513
57315.7888,29984.1381,292.685
57315.7961,29983.7373,292.6442
57315.7977,29981.8794,292.6197
57315.7993,29980.0215,292.5951
57315.8018,29980.9507,292.6289
57315.8424,29982.8006,292.647
57315.8575,29982.4425,292.6045
57315.8579,29980.5424,292.6246
57315.86,29983.3717,292.6383
57315.8603,29981.4716,292.6583
57315.8625,29984.3009,292.672
57315.8754,29981.1135,292.6159
57315.8763,29983.9006,292.6742
57315.8779,29982.0427,292.6496
57315.8795,29980.1848,292.625
57315.8868,29979.784,292.5842
57315.916,29982.9634,292.634
57315.9315,29980.7052,292.6116
57315.9323,29983.4923,292.6699
57315.934,29981.6344,292.6453
57315.9361,29984.4637,292.659
57315.9377,29982.6058,292.6345
57315.9474,29983.1342,292.6274
57315.949,29981.2763,292.6029
57315.9499,29984.0634,292.6612
57315.9515,29982.2055,292.6366
57315.9531,29980.3476,292.612
57315.9629,29980.876,292.605
57315.9637,29983.6631,292.6633
57315.9653,29981.8052,292.6387
57315.967,29979.9473,292.6142
57316.0035,29982.7259,292.6231
57316.0163,29984.627,292.689
57316.0189,29980.4677,292.6007
57316.021,29983.297,292.6144
57316.0214,29981.3968,292.6344
57316.0235,29984.2262,292.6481
57316.0251,29982.3683,292.6236
57316.0348,29982.8967,292.6165
57316.0365,29981.0388,292.592
57316.0373,29983.8259,292.6503
57316.0389,29981.968,292.6257
57316.0406,29980.11,292.6012
57316.0503,29980.6385,292.5941
57316.0544,29979.7097,292.6033
57316.095,29981.5596,292.6214
57316.0987,29982.5311,292.6106
57316.1012,29983.4602,292.6443
57316.1037,29984.3894,292.6781
57316.1085,29983.0595,292.6035
57316.1126,29982.1308,292.6127
57316.1142,29980.2728,292.5882
57316.1167,29981.202,292.6219
57316.1175,29983.9891,292.6802
57316.1239,29980.8013,292.5811
57316.1264,29981.7304,292.6148
57316.128,29979.8725,292.5903
57316.1301,29982.7019,292.604
57316.1456,29980.4436,292.5815
57316.167,29983.5803,292.633
57316.1773,29984.5522,292.6651
57316.1821,29983.2223,292.5905
57316.1862,29982.2935,292.5997
57316.1903,29981.3648,292.6089
57316.199,29984.1946,292.6655
57316.2,29981.8932,292.6018
57316.2037,29982.8647,292.591
57316.2041,29980.9645,292.611
57316.2082,29980.0358,292.6202
57316.2176,29982.4643,292.5931
57316.2192,29980.6064,292.5685
57316.2396,29980.2066,292.6136
57316.2406,29983.7431,292.62
57316.2623,29983.3855,292.6204
57316.2639,29981.5276,292.5959
57316.2695,29982.9848,292.5796
57316.2726,29984.3574,292.6525
57316.2777,29981.1273,292.598
57316.2802,29982.0565,292.6318
57316.2915,29980.727,292.6001
57316.294,29981.6562,292.6339
57316.2956,29979.7983,292.6093
57316.2977,29982.6276,292.623
57316.3116,29982.2273,292.6251
57316.3132,29980.3694,292.6006
57316.3208,29983.9064,292.6499
57316.327,29979.9691,292.6027
57316.3359,29983.5483,292.6074
57316.3383,29984.4775,292.6412
57316.3497,29983.148,292.6096
57316.3513,29981.2901,292.585
57316.36,29984.1199,292.6417
57316.3651,29980.8898,292.5871
57316.3676,29981.819,292.6209
57316.3714,29982.7904,292.61
57316.3763,29984.6488,292.6775
57316.3827,29981.4609,292.5784
57316.3852,29982.3901,292.6121
57316.3868,29980.5322,292.5876
57316.4006,29980.1318,292.5897
57316.4069,29982.0325,292.6126
57316.4161,29983.7116,292.6374
57316.4233,29983.3108,292.5966
57316.4387,29981.0526,292.5741
57316.4402,29984.2831,292.6716
57316.445,29982.9532,292.597
57316.455,29981.5814,292.61
57316.4567,29979.7235,292.5854
57316.4588,29982.5529,292.5991
57316.4604,29980.695,292.5746
57316.4701,29981.2234,292.5675
57316.4742,29980.2946,292.5767
57316.4805,29982.1953,292.5996
57316.4897,29983.8744,292.6244
57316.4946,29979.8948,292.6218
57316.4969,29983.4736,292.5836
57316.5107,29983.0733,292.5857
57316.5138,29984.4459,292.6586
57316.5262,29980.8151,292.5632
57316.5287,29981.7442,292.597
57316.5324,29982.7157,292.5861
57316.5349,29983.6448,292.6199
57316.5374,29984.574,292.6536
57316.5478,29980.4574,292.5637
57316.5503,29981.3866,292.5974
57316.5528,29982.3158,292.6312
57316.5633,29984.0372,292.6114
57316.5683,29980.0576,292.6088
57316.5745,29981.9582,292.6317
57316.5843,29983.2361,292.5727
57316.5998,29980.9778,292.5502
57316.6012,29984.2084,292.6477
57316.606,29982.8785,292.5731
57316.6085,29983.8076,292.6069
57316.6223,29983.4073,292.609
57316.6239,29981.5494,292.5844
57316.6264,29982.4786,292.6182
57316.628,29980.6207,292.5936
57316.6378,29981.1491,292.5866
57316.6419,29980.2204,292.5957
57316.6481,29982.121,292.6186
57316.6557,29979.8201,292.5979
57316.6749,29984.3712,292.6347
57316.6796,29983.0412,292.5601
57316.6887,29983.9709,292.6368
57316.6959,29983.5701,292.596
57316.6963,29981.67,292.616
57316.7,29982.6414,292.6052
57316.7017,29980.7835,292.5806
57316.7062,29984.542,292.6281
57316.7114,29981.3119,292.5736
57316.7155,29980.3832,292.5827
57316.7217,29982.2838,292.6056
57316.7293,29979.9829,292.5849
57316.733,29980.9543,292.574
57316.7598,29983.2045,292.5901
57316.7623,29984.1337,292.6238
57316.7699,29981.8328,292.603
57316.7736,29982.8042,292.5922
57316.7761,29983.7334,292.6259
57316.7834,29983.3326,292.5851
57316.785,29981.4747,292.5605
57316.7891,29980.546,292.5697
57316.7953,29982.4466,292.5926
57316.7988,29981.0744,292.5627
57316.8095,29980.1461,292.6148
57316.8157,29982.0467,292.6377
57316.8205,29980.7168,292.5631
57316.8312,29979.7885,292.6153
57316.8359,29984.2965,292.6108
57316.8472,29982.967,292.5792
57316.8497,29983.8962,292.6129
57316.8611,29982.5667,292.5813
57316.8635,29983.4958,292.615
57316.8652,29981.6379,292.5905
57316.8724,29981.2372,292.5497
57316.8739,29984.4677,292.6471
57316.8786,29983.1378,292.5726
57316.8831,29980.3089,292.6018
57316.8893,29982.2095,292.6247
57316.9007,29980.88,292.5931
57316.9048,29979.9513,292.6023
57316.9145,29980.4797,292.5952
57316.9233,29984.059,292.5999
57316.9347,29982.7295,292.5683
57316.9437,29983.6591,292.645
57316.9454,29981.8012,292.6204
57316.9475,29984.6305,292.6341
57316.951,29983.2583,292.6042
57316.9526,29981.4004,292.5796
57316.9613,29984.2302,292.6362
57316.9629,29982.3723,292.6117
57316.9661,29982.9003,292.5617
57316.9689,29981.9293,292.6155
57316.9743,29981.0428,292.5801
57316.9751,29983.8299,292.6384
57316.9784,29980.1141,292.5893
57316.9881,29980.6425,292.5822
57317.0262,29981.5632,292.5666
57317.0312,29983.4216,292.6341
57317.0349,29984.393,292.6232
57317.0365,29982.5351,292.5987
57317.04,29981.1629,292.5687
57317.0463,29983.0635,292.5916
57317.0487,29983.9927,292.6254
57317.052,29980.2769,292.5763
57317.0569,29982.1352,292.6437
57317.0617,29980.8053,292.5692
57317.0642,29981.7345,292.6029
57317.0679,29982.7059,292.5921
57317.0724,29979.877,292.6213
57317.0755,29980.405,292.5713
57317.1136,29981.3257,292.5557
57317.1151,29984.5563,292.6532
57317.1192,29983.6275,292.6624
57317.1264,29983.2268,292.6215
57317.1289,29984.1559,292.6553
57317.1306,29982.298,292.6307
57317.1337,29982.826,292.5807
57317.1353,29980.9681,292.5562
57317.1427,29983.7556,292.6574
57317.1444,29981.8977,292.6329
57317.145,29981.4965,292.5491
57317.146,29980.0398,292.6083
57317.1557,29980.5682,292.6012
57317.1976,29982.4604,292.5748
57317.2025,29984.3187,292.6423
57317.2066,29983.39,292.6515
57317.2089,29981.1309,292.5432
57317.2139,29982.9892,292.6107
57317.2164,29983.9184,292.6444
57317.218,29982.0605,292.6199
57317.2196,29980.2026,292.5953
57317.2252,29981.6597,292.579
57317.2293,29980.731,292.5882
57317.2355,29982.6316,292.6111
57317.238,29983.5608,292.6449
57317.2413,29979.845,292.5958
57317.251,29980.3734,292.5887
57317.2761,29984.4815,292.6293
57317.2875,29983.152,292.5977
57317.2891,29981.2941,292.5731
57317.29,29984.0812,292.6314
57317.2916,29982.2233,292.6069
57317.3029,29980.8938,292.5752
57317.3054,29981.823,292.609
57317.307,29979.9651,292.5844
57317.3092,29982.7944,292.5981
57317.3116,29983.7236,292.6319
57317.3127,29981.4222,292.5681
57317.3141,29984.6528,292.6656
57317.323,29982.3941,292.6002
57317.3246,29980.5362,292.5757
57317.3384,29980.1359,292.5778
57317.3677,29983.3153,292.6276
57317.3702,29984.2445,292.6613
57317.3749,29982.9145,292.5868
57317.3765,29981.0566,292.5622
57317.3852,29983.8864,292.6189
57317.3856,29981.9862,292.6389
57317.3904,29980.6563,292.5643
57317.3928,29981.5855,292.5981
57317.3966,29982.5569,292.5872
57317.4057,29983.4865,292.6639
57317.4079,29981.2274,292.5556
57317.4089,29979.7707,292.6148
57317.412,29980.2987,292.5648
57317.4248,29982.1997,292.6306
57317.4438,29984.4073,292.6483
57317.4551,29983.0778,292.6167
57317.4576,29984.0069,292.6505
57317.464,29980.8191,292.5513
57317.4665,29981.7483,292.5851
57317.4702,29982.7197,292.5742
57317.4747,29979.8908,292.6035
57317.4752,29984.5781,292.6417
57317.4793,29983.6493,292.6509
57317.4856,29980.4615,292.5518
57317.4865,29983.2486,292.6101
57317.4881,29981.3906,292.5855
57317.4906,29982.3198,292.6193
57317.4966,29981.8768,292.6231
57317.5061,29980.0616,292.5968
57317.5312,29984.1697,292.6375
57317.5442,29980.9823,292.5813
57317.5504,29982.8829,292.6042
57317.5529,29983.8121,292.6379
57317.5539,29981.5107,292.5742
57317.5642,29982.4826,292.6063
57317.5658,29980.6247,292.5817
57317.5667,29983.4118,292.64
57317.5692,29984.341,292.6738
57317.5699,29979.696,292.5909
57317.5756,29981.1531,292.5747
57317.5797,29980.2244,292.5838
57317.5935,29979.8241,292.586
57317.6162,29983.003,292.5928
57317.6265,29983.9749,292.6249
57317.6281,29982.117,292.6004
57317.6316,29980.7448,292.5704
57317.6341,29981.674,292.6041
57317.6378,29982.6454,292.5933
57317.6403,29983.5746,292.627
57317.6428,29984.5038,292.6608
57317.6492,29981.3159,292.5616
57317.6533,29980.3872,292.5708
57317.6541,29983.1743,292.6291
57317.6595,29982.2878,292.5937
57317.6671,29979.9869,292.573
57317.6696,29980.9161,292.6067
57317.7067,29984.1382,292.6549
57317.7077,29981.8368,292.5911
57317.7114,29982.8082,292.5803
57317.7139,29983.7374,292.614
57317.7164,29984.6666,292.6478
57317.7215,29981.4365,292.5932
57317.7253,29982.4079,292.5824
57317.7269,29980.55,292.5578
57317.7277,29983.3371,292.6161
57317.7302,29984.2663,292.6499
57317.7407,29980.1497,292.56
57317.7432,29981.0789,292.5937
57317.7494,29982.9795,292.6166
57317.7649,29980.7212,292.5942
57317.769,29979.7925,292.6034
57317.7875,29983.9002,292.601
57317.7957,29982.0427,292.6194
57317.7989,29982.5707,292.5694
57317.803,29981.642,292.5786
57317.8038,29984.4291,292.6369
57317.8079,29983.5003,292.6461
57317.8168,29981.2416,292.5807
57317.8209,29980.3129,292.5899
57317.823,29983.1423,292.6036
57317.8255,29984.0714,292.6373
57317.8271,29982.2135,292.6128
57317.8306,29980.8413,292.5828
57317.8347,29979.9126,292.592
57317.8523,29980.4837,292.5833
57317.8774,29984.5918,292.6239
57317.8791,29982.7339,292.5993
57317.8815,29983.6631,292.6331
57317.8832,29981.8052,292.6085
57317.8904,29981.4044,292.5677
57317.8929,29982.3336,292.6014
57317.8954,29983.2628,292.6352
57317.8991,29984.2342,292.6243
57317.9042,29981.0041,292.5698
57317.9083,29980.0754,292.579
57317.9104,29982.9047,292.5927
57317.9129,29983.8339,292.6265
57317.9145,29981.976,292.6019
57317.9259,29980.6465,292.5703
57317.93,29979.7178,292.5795
57317.9665,29982.4964,292.5884
57317.969,29983.4256,292.6222
57317.9706,29981.5677,292.5976
57317.9727,29984.397,292.6113
57317.9819,29980.2382,292.566
57317.9844,29981.1674,292.5998
57317.9865,29983.9967,292.6135
57317.9906,29983.068,292.6226
57317.9947,29982.1393,292.6318
57317.9958,29979.8379,292.5681
57318.002,29981.7385,292.591
57318.0045,29982.6677,292.6248
57318.0061,29980.8098,292.6002
57318.0199,29980.4094,292.6023
57318.0426,29983.5884,292.6092
57318.0451,29984.5176,292.6429
57318.058,29981.3302,292.5867
57318.0601,29984.1595,292.6005
57318.0642,29983.2308,292.6096
57318.0684,29982.3021,292.6188
57318.0718,29980.9299,292.5889
57318.074,29983.7592,292.6026
57318.076,29980.0011,292.5981
57318.0764,29984.6884,292.6363
57318.0781,29982.8305,292.6118
57318.0822,29981.9017,292.621
57318.0935,29980.5722,292.5893
57318.1073,29980.1719,292.5914
57318.129,29979.8143,292.5919
57318.13,29983.3509,292.5983
57318.1316,29981.493,292.5737
57318.1341,29982.4221,292.6075
57318.1403,29984.3228,292.6304
57318.1455,29981.0926,292.5759
57318.1517,29982.9933,292.5988
57318.1542,29983.9224,292.6325
57318.1558,29982.0645,292.608
57318.1655,29982.5929,292.6009
57318.1671,29980.735,292.5763
57318.168,29983.5221,292.6346
57318.1696,29981.6642,292.6101
57318.181,29980.3347,292.5784
57318.2026,29979.9771,292.5789
57318.2139,29984.4856,292.6174
57318.2191,29981.2554,292.5629
57318.2278,29984.0852,292.6195
57318.2294,29982.2273,292.5949
57318.2319,29983.1565,292.6287
57318.2391,29982.7557,292.5879
57318.2407,29980.8978,292.5633
57318.2416,29983.6849,292.6216
57318.2432,29981.827,292.5971
57318.2519,29984.6568,292.6537
57318.2546,29980.4975,292.5654
57318.2762,29980.1399,292.5659
57318.2966,29979.74,292.611
57318.2993,29981.4187,292.5928
57318.3014,29984.248,292.6065
57318.303,29982.3901,292.5819
57318.3055,29983.3193,292.6157
57318.3143,29981.0606,292.5503
57318.3152,29983.8477,292.6086
57318.3168,29981.9898,292.5841
57318.3193,29982.919,292.6178
57318.3282,29980.6603,292.5524
57318.3306,29981.5895,292.5862
57318.3369,29983.4901,292.6091
57318.3393,29984.4193,292.6428
57318.341,29982.5614,292.6183
57318.3498,29980.3027,292.5529
57318.3702,29979.9028,292.5979
57318.3888,29984.0105,292.5956
57318.3929,29983.0818,292.6048
57318.3945,29981.2239,292.5803
57318.397,29982.1531,292.614
57318.4018,29980.8231,292.5394
57318.4043,29981.7523,292.5732
57318.4067,29982.6815,292.6069
57318.413,29984.5821,292.6298
57318.4171,29983.6534,292.639
57318.4222,29980.4232,292.5845
57318.4243,29983.2526,292.5982
57318.4259,29981.3947,292.5736
57318.4284,29982.3239,292.6074
57318.4439,29980.0656,292.5849
57318.469,29984.1738,292.6256
57318.4803,29982.8443,292.5939
57318.482,29980.9864,292.5694
57318.4828,29983.7734,292.6277
57318.4844,29981.9155,292.6031
57318.4917,29981.5148,292.5623
57318.4958,29980.586,292.5715
57318.5004,29984.3446,292.6189
57318.502,29982.4866,292.5944
57318.5045,29983.4158,292.6281
57318.5134,29981.1572,292.5627
57318.5175,29980.2284,292.5719
57318.5391,29979.8708,292.5724
57318.554,29983.0071,292.5809
57318.5564,29983.9362,292.6147
57318.5581,29982.0783,292.5901
57318.5694,29980.7488,292.5585
57318.5719,29981.678,292.5922
57318.5756,29982.6494,292.5814
57318.5781,29983.5786,292.6151
57318.5806,29984.5078,292.6489
57318.5878,29984.107,292.608
57318.5894,29982.2491,292.5835
57318.5911,29980.3912,292.5589
57318.5919,29983.1783,292.6172
57318.5936,29981.3204,292.5927
57318.6049,29979.9909,292.5611
57318.643,29980.9116,292.5455
57318.6455,29981.8408,292.5792
57318.648,29982.77,292.613
57318.6517,29983.7414,292.6021
57318.6542,29984.6706,292.6359
57318.6614,29984.2698,292.595
57318.6647,29980.554,292.5459
57318.6655,29983.3411,292.6042
57318.6672,29981.4832,292.5797
57318.6696,29982.4124,292.6134
57318.6769,29982.0116,292.5726
57318.6785,29980.1537,292.5481
57318.6794,29982.9408,292.6064
57318.681,29981.0829,292.5818
57318.7002,29979.7961,292.5485
57318.7253,29983.9042,292.5891
57318.7304,29980.6741,292.5346
57318.7391,29983.5039,292.5912
57318.7408,29981.646,292.5667
57318.7416,29984.4331,292.625
57318.7432,29982.5752,292.6004
57318.753,29983.1036,292.5933
57318.7546,29981.2457,292.5688
57318.7554,29984.0328,292.6271
57318.7571,29982.1749,292.6025
57318.7587,29980.3169,292.578
57318.7684,29980.8454,292.5709
57318.7709,29981.7745,292.6047
57318.7725,29979.9166,292.5801
57318.8169,29982.738,292.5874
57318.8193,29983.6671,292.6212
57318.8218,29984.5963,292.6549
57318.8266,29983.2664,292.5803
57318.8291,29984.1956,292.6141
57318.8307,29982.3376,292.5895
57318.8323,29980.4797,292.565
57318.8348,29981.4089,292.5987
57318.8404,29982.8661,292.5825
57318.842,29981.0082,292.5579
57318.8445,29981.9373,292.5917
57318.8461,29980.0794,292.5671
57318.8507,29983.8379,292.6146
57318.8637,29980.6505,292.5584
57318.9027,29984.3584,292.6011
57318.9068,29983.4296,292.6103
57318.9084,29981.5717,292.5857
57318.9109,29982.5009,292.6195
57318.9181,29982.1001,292.5787
57318.9197,29980.2422,292.5541
57318.9206,29983.0293,292.6124
57318.9222,29981.1714,292.5878
57318.9243,29984.0007,292.6016
57318.9373,29980.8133,292.5454
57318.9398,29981.7425,292.5791
57318.9414,29979.8846,292.5546
57318.9423,29982.6717,292.6129
57318.9577,29980.4135,292.5904
57318.9804,29983.5924,292.5973
57318.9829,29984.5216,292.631
57318.9942,29983.1921,292.5994
57318.9958,29981.3342,292.5748
57318.9983,29982.2634,292.6086
57319.0045,29984.164,292.6315
57319.0096,29980.9339,292.577
57319.0138,29980.0052,292.5862
57319.0159,29982.8345,292.5999
57319.0183,29983.7637,292.6336
57319.02,29981.9058,292.6091
57319.0313,29980.5763,292.5774
57319.0338,29981.5054,292.6112
57319.0565,29984.6844,292.618
57319.0678,29983.3549,292.5864
57319.0719,29982.4262,292.5956
57319.0781,29984.3268,292.6185
57319.0816,29982.9546,292.5885
57319.0833,29981.0967,292.564
57319.0857,29982.0259,292.5977
57319.0874,29980.1679,292.5732
57319.092,29983.9265,292.6206
57319.1033,29982.597,292.589
57319.1049,29980.7391,292.5644
57319.1074,29981.6682,292.5982
57319.109,29979.8103,292.5736
57319.1187,29980.3387,292.5665
57319.1212,29981.2679,292.6003
57319.1439,29984.4469,292.6071
57319.148,29983.5181,292.6163
57319.1593,29982.1887,292.5847
57319.1618,29983.1178,292.6184
57319.1656,29984.0893,292.6076
57319.1785,29980.9019,292.5514
57319.1794,29983.6889,292.6097
57319.181,29981.831,292.5852
57319.1819,29984.6181,292.6435
57319.1826,29979.9731,292.5606
57319.1835,29982.7602,292.6189
57319.1924,29980.5015,292.5535
57319.1948,29981.4307,292.5873
57319.1973,29982.3599,292.621
57319.2062,29980.1012,292.5556
57319.2165,29981.0731,292.5877
57319.2354,29983.2806,292.6054
57319.2458,29984.2525,292.6375
57319.2546,29981.9938,292.5722
57319.2571,29982.923,292.6059
57319.2596,29983.8522,292.6397
57319.2668,29983.4514,292.5988
57319.2684,29981.5935,292.5743
57319.2701,29979.7356,292.5497
57319.2709,29982.5227,292.608
57319.2726,29980.6648,292.5835
57319.2798,29980.264,292.5426
57319.2823,29981.1932,292.5764
57319.3194,29984.4153,292.6245
57319.3307,29983.0858,292.5929
57319.3332,29984.015,292.6267
57319.3348,29982.1571,292.6021
57319.3437,29979.8984,292.5367
57319.3445,29982.6855,292.595
57319.3462,29980.8276,292.5705
57319.347,29983.6147,292.6288
57319.3486,29981.7568,292.6042
57319.3508,29984.5861,292.6179
57319.3543,29983.2139,292.5879
57319.3584,29982.2852,292.5971
57319.36,29980.4273,292.5726
57319.3625,29981.3565,292.6063
57319.3775,29980.9984,292.5638
57319.3817,29980.0697,292.573
57319.4068,29984.1778,292.6136
57319.4181,29982.8483,292.582
57319.4206,29983.7775,292.6158
57319.4222,29981.9196,292.5912
57319.4336,29980.5901,292.5596
57319.4344,29983.3772,292.6179
57319.4361,29981.5192,292.5933
57319.4385,29982.4484,292.6271
57319.4474,29980.1897,292.5617
57319.4536,29982.0904,292.5846
57319.4577,29981.1616,292.5938
57319.4804,29984.3406,292.6006
57319.4942,29983.9403,292.6028
57319.4983,29983.0115,292.612
57319.5072,29980.7529,292.5466
57319.5081,29983.54,292.6049
57319.5097,29981.682,292.5803
57319.5113,29979.8241,292.5558
57319.5118,29984.5114,292.594
57319.5122,29982.6112,292.6141
57319.521,29980.3525,292.5487
57319.5235,29981.2817,292.5824
57319.5297,29983.1823,292.6053
57319.5338,29982.2536,292.6145
57319.5411,29981.8528,292.5737
57319.5427,29979.9949,292.5492
57319.5452,29980.9241,292.5829
57319.5678,29984.1031,292.5898
57319.5858,29982.774,292.6011
57319.5882,29983.7032,292.6348
57319.592,29984.6746,292.624
57319.5946,29980.5153,292.5357
57319.5971,29981.4445,292.5694
57319.5996,29982.3737,292.6032
57319.6033,29983.3451,292.5923
57319.6058,29984.2743,292.6261
57319.6163,29980.1577,292.5361
57319.6172,29982.9448,292.5944
57319.6188,29981.0869,292.5699
57319.6213,29982.0161,292.6036
57319.6285,29981.6153,292.5628
57319.6301,29979.7574,292.5383
57319.6326,29980.6866,292.572
57319.6619,29983.866,292.6218
57319.6732,29982.5365,292.5902
57319.6757,29983.4657,292.6239
57319.6794,29984.4371,292.6131
57319.6821,29980.2778,292.5248
57319.6908,29983.1076,292.5814
57319.6924,29981.2497,292.5569
57319.6949,29982.1789,292.5906
57319.7037,29979.9202,292.5253
57319.7062,29980.8494,292.559
57319.7087,29981.7786,292.5928
57319.7112,29982.7078,292.6265
57319.7355,29984.0288,292.6088
57319.7493,29983.6285,292.6109
57319.753,29984.5999,292.6001
57319.7623,29980.4411,292.5547
57319.7669,29984.1996,292.6022
57319.771,29983.2709,292.6114
57319.7726,29981.4129,292.5868
57319.7751,29982.3421,292.6206
57319.7823,29981.9414,292.5798
57319.7839,29980.0835,292.5552
57319.7848,29982.8705,292.6135
57319.7864,29981.0126,292.5889
57319.7936,29980.6119,292.5481
57319.7961,29981.541,292.5819
57319.8229,29983.7913,292.5979
57319.8405,29984.3624,292.5892
57319.8446,29983.4337,292.5984
57319.8487,29982.5049,292.6076
57319.8543,29983.9621,292.5913
57319.8575,29980.2462,292.5422
57319.8584,29983.0333,292.6005
57319.86,29981.1754,292.5759
57319.8625,29982.1046,292.6097
57319.8697,29981.7038,292.5689
57319.8714,29979.8459,292.5443
57319.8722,29982.633,292.6026
57319.8738,29980.7751,292.5781
57319.8889,29980.417,292.5356
57319.8914,29981.3462,292.5693
57319.9141,29984.5252,292.5762
57319.9248,29983.5969,292.6283
57319.9279,29984.1249,292.5783
57319.932,29983.1961,292.5875
57319.9361,29982.2674,292.5967
57319.945,29980.0087,292.5313
57319.9458,29982.7958,292.5896
57319.9474,29980.9379,292.5651
57319.9499,29981.8671,292.5988
57319.9561,29983.7677,292.6217
57319.9613,29980.5376,292.5672
57319.9675,29982.4382,292.5901
57319.9716,29981.5095,292.5993
57319.9764,29980.1795,292.5247
57319.9854,29981.1092,292.6014
57319.9943,29984.6884,292.6061
57320.0015,29984.2877,292.5653
57320.0122,29983.3594,292.6174
57320.0235,29982.0299,292.5858
57320.026,29982.9591,292.6195
57320.0298,29983.9305,292.6087
57320.0324,29979.7712,292.5204
57320.0349,29980.7004,292.5542
57320.0374,29981.6296,292.5879
57320.0477,29982.6015,292.62
57320.0565,29980.3428,292.5546
57320.059,29981.272,292.5884
57320.0615,29982.2011,292.6221
57320.0817,29984.4509,292.5952
57320.0858,29983.5222,292.6044
57320.0996,29983.1219,292.6065
57320.1034,29984.0933,292.5957
57320.106,29979.934,292.5074
57320.1151,29980.8636,292.5841
57320.1172,29983.693,292.5978
57320.1176,29981.7928,292.6179
57320.1213,29982.7642,292.607
57320.1302,29980.5056,292.5416
57320.1326,29981.4347,292.5754
57320.1351,29982.3639,292.6091
57320.144,29980.1053,292.5437
57320.1465,29981.0344,292.5775
57320.1489,29981.9636,292.6112
57320.1553,29984.6137,292.5822
57320.1691,29984.2134,292.5843
57320.1732,29983.2847,292.5935
